9.779284769618632467e+00
4.179958911953550960e+00
3.212628089564451006e+00
2.781939232574513809e+00
2.521983696361398852e+00
2.317483164400497841e+00
2.140868130341873510e+00
1.984310588985534585e+00
1.844338086451177583e+00
1.718717435254832893e+00
1.605697625090467540e+00
1.503788222428893206e+00
1.411693541447843314e+00
1.328286516684636043e+00
1.252585864633001700e+00
1.183731285334008065e+00
1.120961515703425393e+00
1.063599520962807743e+00
1.011044783556032334e+00
9.627693681274924753e-01
9.183140418425476126e-01
8.772823295082271544e-01
8.393323255945465133e-01
8.041673595907686822e-01
7.715269910867810221e-01
7.411794933070362523e-01
7.129163281032777633e-01
6.865484872314184805e-01
6.619042068756147978e-01
6.388274911054413474e-01
6.171770013305257763e-01
5.968250494395513917e-01
5.776565842351084612e-01
5.595681544049055933e-01
5.424668735082948112e-01
5.262694221302973707e-01
5.109011162768261061e-01
4.962950599135952379e-01
4.823913885516624700e-01
4.691366018603405075e-01
4.564829767179176545e-01
4.443880476090866227e-01
4.328141385444578826e-01
4.217279295930687621e-01
4.111000417449203193e-01
4.009046262801192473e-01
3.911189491179152822e-01
3.817229664558679514e-01
3.726988946794458912e-01
3.640307839412160740e-01
