2.600816314609151192e+01 4.144945981362143073e+01 3.649569715349847598e+01
5.111891836017299084e+01 8.199984526650524685e+00 2.533051021979788331e+01
2.298712752715641727e+01 1.008941812921449355e+01 4.026018075087142734e+01
4.992315465582164791e+01 3.220505332000900722e+01 3.447872749012811511e+01
3.046484824924818824e+01 2.301003833433162526e+01 2.023065761079341485e+01
7.593048041407110205e+00 3.527470473311076660e+01 2.417191367874793428e+01
2.003905629143218192e+01 4.953657886174755731e+01 1.977187893264169816e+01
4.120807437616917213e+01 1.638619136803882981e+01 4.050293554455291201e+01
1.071974274574187547e+01 3.523207494489066960e+01 4.102755079440826336e+01
2.734409228699609073e+01 2.584148644461360433e+01 4.216558167330052953e+01
2.513805263549577518e+01 7.892475600244898359e+00 2.354552491985955243e+01
1.662228010717217330e+01 5.425676916791440618e+01 3.658898121461790254e+01
4.725387984443528921e+01 2.279455878013960302e+01 2.166621544224664575e+01
3.646140967271261957e+01 3.550886840920348675e+01 2.708840981290084926e+01
1.930126945041799758e+01 2.561823110407216575e+01 2.955887357993859865e+01
3.849698992987379853e+01 1.376435529619689113e+01 2.662458858013268070e+01
5.256865810050694421e+01 1.939318105729446273e+01 3.475927561421686818e+01
2.088630848150025798e+01 3.741888421926427810e+01 2.357655827474605559e+01
3.860449889900636578e+01 3.103899439411914329e+01 3.937397629220612316e+01
4.849403840775951835e+01 6.932980672110015341e+00 3.740534606720252953e+01
9.971030370747099525e+00 4.420391477901011257e+01 3.214620860394008872e+01
2.829748820351893102e+01 1.514586824009054666e+01 3.202854937395087376e+01
1.781358226758664287e+01 4.529967502354460862e+01 4.257904621710553528e+01
3.129757670469565767e+01 1.680209488084624070e+01 4.179022036991405287e+01
4.725874278377209237e+01 2.564783455512090882e+01 4.122622073466528292e+01
2.240852743198044550e+01 1.852909807875641945e+01 2.284167561854542328e+01
1.960357357017664626e+01 3.380235482288793492e+01 3.791204740221365199e+01
4.743315376904887160e+01 3.174557026907849533e+01 2.538996741747486752e+01
2.429354664333807534e+01 4.534133284152768795e+01 2.734183305430249433e+01
1.788153511366260062e+01 5.486052137422084485e+01 2.736810693435205621e+01
9.922601484276965422e+00 3.132664749641421054e+01 3.260582514931982701e+01
3.867263741670623034e+01 2.726508740934920283e+01 2.128699100506511144e+01
2.886214093219365395e+01 3.179800072308648140e+01 2.275560894823799174e+01
2.206212175380818863e+01 1.911267229990476579e+01 3.861069692362107730e+01
1.357111275366704461e+01 4.295306994830038150e+01 2.326357505231302270e+01
5.343644678670393233e+01 2.534328821815407196e+01 2.784313853327535782e+01
4.702191269134488039e+01 1.435352813426302632e+01 3.023034187525918526e+01
3.299318767880342307e+01 3.685396639143181119e+01 3.545147816190299750e+01
3.052480664819454859e+01 1.471369055454197827e+01 2.149816929061561765e+01
3.590663104183261822e+01 2.380416026419312203e+01 4.254700886908361923e+01
3.092543864201125103e+01 9.310869044203526457e+00 3.728974391768760199e+01
2.789651190505175293e+01 3.743563615970055025e+01 2.865773687008175941e+01
5.204120594436343339e+01 1.678813104769095332e+01 2.413512880902029778e+01
4.941345426700419097e+01 1.601464545575473153e+01 4.135430521756386213e+01
1.474919212802415558e+01 3.184000358607599068e+01 2.508258144309974469e+01
2.174646193144449668e+01 4.834954189812955860e+01 3.526294560921754595e+01
4.449068574966355527e+01 1.573249092764373813e+01 2.218700226020987287e+01
2.693636269711270614e+01 3.267491445425843466e+01 3.895259268865400060e+01
6.550991116227426581e+00 3.764828566624606765e+01 3.478153218527555168e+01
4.317541578242612132e+01 3.471211583992489125e+01 3.254609607811293870e+01
3.990730051178891102e+01 1.295455736193684793e+01 3.388033244993533799e+01
2.105901275927356053e+01 2.626910886490972530e+01 3.723821261754434175e+01
1.289987653311914428e+01 4.916819964188142933e+01 2.661824908210661533e+01
2.259746955032382587e+01 3.069371632370076242e+01 2.589234758348536047e+01
3.824737453181991498e+01 1.877244654532032442e+01 2.103305007337434063e+01
2.209892148877900908e+01 1.928061104069259457e+01 3.025928358903496829e+01
5.254989281652017041e+01 2.646760141212933704e+01 3.680928360644963959e+01
4.453478289993519468e+01 9.504270492097555589e+00 2.488599144745531078e+01
5.236503389717517365e+01 1.279347551972216301e+01 3.593774865509532646e+01
1.663273675939077378e+01 3.900416471679869801e+01 4.072352553658782881e+01
1.636677087733113467e+01 3.070992312315066641e+01 3.277930635672818482e+01
2.502391462430506053e+01 2.620004314160300396e+01 2.166911809143572754e+01
2.952633788890511468e+01 1.026447215660274814e+01 2.797612049719273131e+01
1.115315267830612100e+01 4.367946267231180713e+01 3.835449696886460202e+01
2.303496842793333244e+01 1.253944437963895453e+01 2.723120047862066428e+01
2.005896575894923473e+01 4.390390330441209699e+01 2.257153769735839077e+01
2.512050302283732606e+01 1.001315944012397452e+01 3.452941994996550079e+01
3.461388637045773464e+01 1.440629039314611859e+01 3.647653032166856946e+01
2.538839631272799480e+01 1.603287970124266337e+01 4.275194180988424364e+01
1.304259922975867703e+01 5.016100486273064973e+01 3.406320816455988165e+01
7.771885434515391822e+00 3.997295958855387710e+01 2.856038076843472950e+01
3.177376857685348099e+01 2.991439288398051133e+01 4.101742214880064097e+01
4.155964518577063416e+01 3.297273449633094344e+01 2.564299549221972541e+01
1.385721285868964969e+01 3.736368037220656646e+01 2.185901115049600207e+01
4.542684774921644930e+01 2.026586374610604935e+01 4.162635107281857927e+01
2.112275381540377595e+01 4.985592541886060047e+01 2.870084197622031397e+01
3.401422901308924907e+01 1.351998295813752371e+01 3.091482264496685417e+01
4.571250658699400304e+01 3.157355901171448309e+01 3.817826066798630791e+01
4.394773761914181165e+01 1.065366630192757746e+01 3.707146587775468305e+01
5.247538218524075404e+01 1.933215864251717164e+01 2.908954830651939716e+01
5.035251586152350001e+01 2.719945698092188735e+01 2.370958319104819623e+01
3.828011604724832750e+01 3.477559189804867401e+01 3.537797940644948369e+01
2.549308450103878698e+01 1.303303708958820728e+01 2.036789943333710795e+01
1.505810249588672178e+01 4.801922315938608676e+01 3.881799842612679186e+01
4.404090501853421813e+01 2.744644655389466692e+01 2.174193785404089496e+01
4.801409007603028556e+01 1.071671420980754164e+01 4.109647307156525642e+01
3.392675008555973193e+01 2.958502839059565304e+01 2.179041324770720323e+01
5.207089468627151518e+01 3.022202068592513058e+01 2.938608342941357066e+01
2.252332454002043605e+01 1.433733783925399408e+01 3.637538534979871940e+01
2.823941778580582351e+01 1.161684289641146606e+01 4.220891469560208265e+01
2.203536971863560723e+01 4.452256612504667999e+01 3.952604502218654403e+01
2.563780693289753998e+01 4.593011842397053357e+01 3.236699617802333506e+01
1.200131223478762976e+01 3.108348946875159413e+01 3.738215302944971086e+01
1.576212795578364378e+01 4.740409254871928368e+01 2.172363276075074268e+01
9.477464098236341172e+00 3.191957848996923275e+01 2.737990716621952458e+01
2.062650939772366243e+01 2.159057609279141587e+01 3.454767463411888428e+01
2.682933214880481643e+01 7.159349794347400930e+00 3.901834680434826197e+01
1.650209889833393362e+01 5.169736954466976186e+01 3.088481147786837511e+01
3.993376577359085644e+01 2.086759806972617781e+01 4.209267431405297799e+01
2.813517937384043677e+01 3.659026606392811232e+01 3.617192155466686643e+01
3.360490852755914659e+01 1.506740949387466699e+01 2.629001226444768236e+01
4.924179076700997371e+01 1.367168263469972445e+01 2.163599251990937589e+01
4.746067899485361608e+01 3.403533681214042161e+01 3.031804209489321877e+01
3.018702287953812302e+01 9.150042185137733597e+00 2.329066761029539379e+01
4.318190536097807097e+01 2.825172362651986546e+01 4.091204249081910405e+01
3.259554829446771862e+01 3.449244815026032995e+01 2.435313923122331659e+01
1.947300152833311415e+01 4.958163742955957787e+01 3.998017085592560704e+01
2.113572418606606718e+01 2.192860703999249239e+01 2.634767552790768264e+01
7.683952144879420132e+00 3.366589754453538319e+01 3.723682708678573761e+01
5.183541737700762297e+01 1.458970445087863155e+01 2.839255289296089657e+01
2.316473093809008077e+01 2.331428738329460515e+01 4.058584816516177085e+01
5.451044708805829941e+01 2.530511369946950140e+01 3.248227203032865873e+01
2.288803706559540885e+01 3.722066379915975887e+01 3.829885443365370890e+01
2.633795930480507863e+01 1.876327421760981196e+01 2.025404537694588214e+01
9.882311898451058951e+00 4.008960104183392303e+01 2.355112314048206912e+01
3.582634748442873018e+01 1.634473967812568063e+01 4.071898765122935515e+01
3.523030788885817088e+01 2.425023121911538837e+01 2.038635363555648539e+01
2.517603758299333805e+01 3.470847744883818820e+01 2.608448638360691163e+01
2.642583910112440648e+01 2.054105393099575494e+01 4.259623864768897761e+01
4.259535829744272917e+01 1.411480336585787043e+01 2.867725092650626095e+01
4.987476020291570933e+01 1.058880546303908865e+01 2.948338400446759877e+01
4.276860529346079431e+01 2.214843172560316020e+01 2.111448914292734003e+01
4.724251034589759257e+01 9.404436706125032686e+00 3.379499140776913180e+01
3.602099751297301111e+01 3.636726776841754827e+01 3.153549679003152306e+01
3.051396813094222438e+01 2.252956285116059831e+01 4.278080918101147745e+01
1.063245359303049398e+01 4.539975316414498963e+01 2.768782332960415005e+01
1.689734763144393526e+01 5.084018027393500461e+01 2.539260343564543376e+01
6.912664103593000320e+00 3.430110249574713777e+01 3.014192283325370525e+01
3.477677162298487445e+01 3.401112631237619155e+01 3.834788156219613597e+01
2.399167875713554210e+01 2.840059908040681336e+01 3.975031403462544688e+01
4.484558387664971235e+01 1.356124433843513266e+01 3.394998602413816968e+01
5.105164249578740510e+01 1.973889688484282345e+01 3.984465019652311213e+01
3.221296510834370252e+01 3.728395899083423615e+01 2.836728463795827082e+01
1.910158685146498669e+01 3.083260150891266704e+01 2.842946848378188207e+01
2.136237734532416965e+01 4.792477756247942722e+01 2.485440486503811641e+01
1.132063918555239646e+01 3.372910219400134224e+01 2.265750065479173259e+01
4.978558780166046915e+01 2.944506217897037104e+01 3.822949759816656723e+01
9.878190139188850694e+00 3.928261139164500548e+01 3.989111083082416087e+01
4.766704975421083645e+01 1.853470431113056094e+01 2.146262847398050866e+01
3.167550481709957211e+01 1.304861392653745256e+01 3.927395571241812178e+01
5.093614130916172655e+01 2.148947477407179463e+01 2.339670928469192290e+01
2.632828681795596282e+01 4.162202337016504572e+01 2.699591918767050203e+01
2.334012343997862260e+01 1.785288916300121187e+01 3.412546768360900273e+01
1.911563594362024787e+01 2.744297940416306858e+01 3.339245600730727404e+01
3.919952239211811218e+01 2.700775674802983417e+01 4.168724074402339141e+01
2.253206823872792341e+01 1.154625747048707218e+01 2.314700550506540822e+01
4.526709869946594011e+01 1.531336800005691678e+01 4.103670824481943669e+01
1.930032699212332403e+01 5.137131038538859684e+01 3.392609777760100087e+01
4.042618564692141803e+01 3.470320058624498927e+01 2.918935094456643498e+01
4.531603062740232701e+01 1.097892396304663798e+01 2.862492375027969516e+01
2.491635142278248338e+01 8.961068924214764309e+00 2.782908750514768670e+01
5.160359627642071700e+01 1.017206610474850237e+01 3.928067366376345149e+01
5.207112425769200570e+01 1.198335836394536713e+01 2.424079392502599362e+01
3.061979322663960090e+01 1.407942026152485582e+01 3.550829177218814436e+01
2.997835538964541868e+01 3.757059451941594119e+01 3.211223400400343309e+01
5.076600850826572042e+01 1.533715518591554705e+01 3.329295759356057260e+01
3.208786073959942087e+01 1.938731164788196182e+01 2.061049755227281111e+01
1.401839115756981968e+01 3.043561704313495753e+01 2.958363765541233903e+01
3.390633617132682787e+01 1.970775672195302874e+01 4.252190353454169980e+01
2.240417247919799593e+01 1.637260146925996196e+01 2.642366918568392720e+01
1.602054354759127719e+01 3.366683336964524642e+01 3.960269340818852868e+01
2.272723393106004153e+01 4.133757812347342053e+01 2.397028309652275624e+01
5.244681746816954160e+01 2.247949003521008393e+01 3.719548442192436255e+01
2.222105921847936827e+01 1.535738943869121442e+01 4.016134427062514334e+01
8.673653254689153158e+00 4.116347065960405871e+01 3.426862720273004470e+01
3.989210629515416429e+01 1.589373540739138235e+01 2.363297294183787045e+01
2.425163549070428459e+01 4.491538550598372836e+01 3.605732438606457180e+01
2.160848630538146153e+01 4.660144401822076787e+01 4.279668543234824796e+01
2.142704340420122833e+01 3.085038515382152013e+01 3.621135213965923327e+01
5.221143104431673265e+01 1.646529811544024824e+01 3.816159836658736282e+01
4.081328756778265188e+01 3.023247565148690796e+01 2.303916218068381028e+01
1.683451704970455509e+01 3.514533109503076957e+01 2.287545158013260505e+01
2.776581114544314488e+01 2.946747533842454203e+01 4.104668032873408379e+01
3.879792842495817240e+01 2.293204622298314987e+01 2.069687763822350490e+01
4.315476298406975530e+01 2.328194923452679888e+01 4.194079381748207425e+01
2.305855185576463384e+01 2.219551107274969226e+01 2.216200847738360835e+01
2.725645003244197540e+01 4.252013501664362849e+01 3.217376982323487766e+01
4.068762014266390281e+01 1.466727610893062561e+01 3.718284281689963677e+01
1.629059839081515904e+01 4.266764347504428656e+01 3.988579466281867525e+01
2.862228464682110030e+01 2.669485673935345815e+01 2.065343260317867902e+01
4.431884507309169408e+01 3.413816629965047866e+01 2.793443782036239753e+01
2.104021061714254159e+01 2.730014984596322236e+01 2.603774726667788997e+01
1.974570202313494605e+01 3.417981817714356652e+01 2.502452416708567995e+01
2.533775136583831156e+01 1.391281772478265388e+01 3.397195832525685688e+01
2.625460285054081666e+01 1.223350743113802430e+01 2.902875866072081834e+01
4.990230006432280163e+01 2.328842304162856180e+01 4.019237520260595176e+01
2.298160276255831747e+01 4.933969609491887809e+01 3.193902525328965325e+01
1.652387059925722568e+01 4.087397230774250545e+01 2.258763570704386581e+01
4.861392839649748510e+01 8.967720450038568103e+00 2.276193767015660185e+01
1.102960795788121651e+01 4.614062449109378861e+01 3.564201994481776126e+01
5.331887969739331368e+01 2.876712944240783543e+01 3.260670641847076467e+01
3.098448335077822335e+01 1.498903585571938990e+01 2.884400420377146901e+01
1.985739941045647683e+01 4.597486440728397383e+01 1.897318000685520900e+01
3.164373072226968020e+01 1.267713383460023380e+01 2.439760940580514514e+01
4.774457024124512827e+01 7.093102319809585943e+00 2.586813287501276193e+01
4.308503718643795821e+01 3.366459570592568440e+01 3.597496595233948113e+01
2.773260960889751914e+01 7.247472750612953263e+00 2.591148055821611962e+01
5.360770500393849147e+01 2.255493844236092471e+01 3.005611612651298259e+01
3.081937593592981628e+01 2.645143816915737744e+01 4.246586466764659917e+01
2.909965991070495761e+01 1.075897975828398145e+01 3.466410730976415522e+01
5.025335151156451019e+01 1.115434064207867948e+01 3.354047016091820410e+01
2.004132747205424891e+01 3.925514476455130364e+01 4.002920891616324184e+01
2.384831860745322629e+01 3.422362454753341154e+01 3.680429650458611235e+01
3.011301670292337462e+01 3.479439769402922877e+01 3.839835488540633435e+01
2.546494317480483005e+01 3.155048431731578162e+01 2.413802448012997104e+01
2.125997949634719930e+01 2.280728768739796664e+01 3.773791650061517089e+01
2.232429995201223960e+01 1.507234585594273035e+01 2.265573278448037442e+01
3.485543112104008401e+01 2.845048295121219084e+01 4.153889225816738673e+01
4.698234542921555601e+01 2.891356892510996346e+01 2.274882771843125084e+01
1.341351631973010683e+01 4.015218785948658820e+01 4.050767987138488024e+01
4.234709456406670114e+01 1.878229331472257257e+01 2.139877820569565614e+01
5.069156203720616105e+01 3.013757479374732995e+01 2.627749273558832854e+01
2.432875315993855736e+01 1.251954402804213018e+01 4.222075657822671957e+01
2.011831527467849412e+01 2.212397470236433605e+01 2.957304269906494198e+01
3.807835362482292396e+01 3.322266965509597725e+01 2.522063917393975174e+01
1.708142371494333744e+01 4.848443192649227740e+01 4.325180891358638746e+01
5.192115356923910241e+01 2.424081792076712105e+01 2.497687662369559902e+01
2.243849105298469482e+01 2.537260224835969424e+01 2.355967680976020517e+01
2.691614808226184863e+01 3.916949775735174910e+01 3.429019271867537100e+01
2.455076497762713572e+01 1.711351357683046359e+01 3.061091165513736101e+01
8.048628188304331132e+00 3.958672084576309658e+01 3.708481186506816130e+01
1.344485990107999740e+01 5.070947293129114541e+01 3.024935394725630289e+01
4.560095179717968250e+01 7.833213134862485383e+00 3.616606546921528320e+01
1.912849032420859885e+01 5.225720469919639299e+01 3.724404700170244809e+01
2.383856834386712720e+01 8.081357945644569440e+00 3.789470881644804479e+01
1.097148033648167420e+01 4.696531205444608759e+01 3.085259422317768951e+01
2.338045861007282511e+01 2.843844966663386131e+01 2.365910060608782572e+01
2.579428648745005503e+01 9.444549779683928392e+00 4.167457511621238808e+01
3.844382161642512585e+01 1.808118767281080252e+01 4.185819293501436533e+01
3.913329030008832632e+01 3.520930161279328274e+01 3.203602307471305721e+01
1.386604946959895734e+01 4.612764477965076537e+01 2.391244110548023727e+01
4.546890620917524473e+01 9.520801638055218064e+00 3.956642694055059195e+01
4.780839949374615117e+01 1.307811544167140916e+01 3.305380292705987699e+01
2.394271635653250740e+01 4.023978444519183029e+01 3.851653502124566586e+01
4.928856962461688340e+01 3.245411926767712885e+01 2.784225091560719179e+01
4.718008648812813277e+01 3.399661145360923342e+01 3.343263261749905269e+01
7.279773948978620624e+00 3.820094955239302692e+01 2.521233330156881536e+01
5.353715511090362611e+01 2.247374436581925394e+01 3.335971857822229225e+01
3.487866454895961255e+01 3.115730916419562035e+01 3.999278498616772026e+01
3.815234940862024615e+01 1.533643879533248011e+01 3.890596988022440428e+01
7.341149981181889217e+00 3.944272055666694143e+01 3.206499031393782673e+01
4.718847348517201112e+01 2.917368002067300026e+01 3.988923982456169881e+01
1.250393566245186783e+01 3.276127503068465785e+01 3.991817500170523658e+01
3.733146164084303820e+01 1.279935294104928900e+01 2.930016844215347049e+01
4.961111849706446719e+01 1.598120332708299962e+01 3.046347514760697450e+01
1.237658643749755782e+01 3.090902891291039012e+01 2.704431918216556596e+01
3.721642357074129137e+01 1.258652585789877065e+01 3.248666401624541322e+01
1.309010729747856061e+01 3.034571677048493399e+01 3.248276521413761486e+01
2.736768806823498679e+01 1.590599838400729560e+01 2.024386450004330129e+01
5.208131913860019324e+01 1.110610894898731438e+01 2.746345162880366431e+01
3.278789785562014458e+01 2.604670044097565551e+01 2.044461531579380775e+01
1.378191863178017940e+01 4.484724992113540765e+01 3.930634018729298873e+01
1.962346930077946894e+01 4.008369328885010674e+01 2.288369094972605566e+01
1.754089231398301507e+01 4.791873456446646884e+01 1.892846660879020249e+01
1.529301692066828089e+01 3.159643995120525872e+01 3.752718904830999946e+01
3.666252395022958410e+01 1.659021916844736921e+01 2.233519149899367662e+01
2.624231933781743464e+01 4.424359255786092859e+01 2.932025681501826853e+01
1.962385973394002647e+01 2.466429813419414785e+01 3.434284313021528590e+01
2.733222487390337108e+01 8.936508511927986120e+00 2.182521104688298408e+01
9.436250030696887947e+00 4.273557045824746581e+01 2.961446418904515454e+01
4.983225675185040870e+01 2.633234383765391939e+01 3.991970305403971508e+01
7.395350289028768564e+00 3.397499349399087976e+01 2.693398494050786596e+01
5.235857643870225075e+01 1.987867485365133291e+01 2.618681037701469805e+01
3.016448515587977042e+01 3.228995485468635707e+01 3.994855078732472009e+01
2.328550504917651409e+01 1.772149427342444383e+01 4.155735490765680140e+01
4.487001522904741080e+01 3.075270612474506748e+01 2.364579052126867964e+01
2.148147275349784380e+01 4.747002817684288800e+01 3.961111498412427778e+01
3.406856477423877294e+01 2.155684784838703294e+01 2.035172495266048642e+01
3.091202086183560738e+01 1.958306667474553464e+01 4.262795303232984878e+01
6.370237275927265408e+00 3.696199833922923972e+01 2.905306924291135928e+01
2.759438646188005606e+01 2.395952353286131853e+01 2.056673933791044107e+01
1.935586419639960809e+01 3.642679328811882300e+01 3.979452292053737494e+01
5.057421310921262148e+01 3.223363269597837899e+01 3.087656033533705724e+01
1.611408886479209457e+01 5.145651420244885088e+01 3.375682250943390983e+01
5.209704964392705051e+01 1.890266832872834968e+01 3.193561476214160777e+01
2.385073982765830181e+01 3.129848498156604109e+01 3.773614979688848337e+01
2.777823590040833679e+01 1.469072015841965495e+01 2.916845792300253137e+01
3.643960997875165475e+01 1.501989145540889226e+01 2.503366994089503805e+01
4.690649524382602920e+01 1.781108081883123617e+01 4.159235590387793025e+01
2.735910973038483363e+01 4.003672064961166654e+01 2.973165761105684979e+01
1.982236644792276792e+01 4.932217079095197221e+01 4.281097994747008784e+01
3.976701645355970527e+01 1.263577849717852075e+01 3.103790334808536144e+01
5.253595420511304326e+01 2.821898886997523448e+01 2.731994626922129754e+01
2.664626588206167668e+01 7.316599709655176476e+00 3.617300665624793510e+01
1.953492711653738567e+01 5.074937799660222026e+01 2.650892661119659977e+01
1.856028324196077861e+01 5.312157499255158655e+01 2.506276220193954174e+01
2.044840293958244715e+01 5.099990666311104803e+01 3.136757073538629470e+01
4.784803572230736535e+01 3.234007304069621114e+01 3.639542517315759795e+01
5.129106684000186078e+01 1.418730589743448434e+01 4.028975367398639662e+01
1.541774313282923536e+01 5.125078915735866047e+01 2.831076334104922410e+01
4.444398925403727674e+01 2.576765187531867696e+01 4.163051916371852457e+01
1.097998018201894155e+01 3.087298355827508800e+01 3.003539496356691529e+01
3.113320981684610445e+01 2.992695663304915143e+01 2.175700331315280778e+01
2.558867838383075366e+01 3.794517071182977475e+01 3.642823947618775549e+01
6.577864743962797967e+00 3.518019801656348733e+01 3.346356371209112979e+01
2.218282589007684180e+01 1.238880180195784320e+01 3.835363645560357071e+01
4.520480610698683677e+01 1.256295116177542681e+01 4.053630927429951214e+01
3.258819363880489561e+01 1.620305008984874462e+01 2.265676223898697828e+01
3.863317193637929847e+01 2.336437824826142773e+01 4.234212565685118079e+01
4.127770056265130449e+01 1.474429908356639629e+01 2.632610914548813241e+01
4.654637047262500715e+01 2.627862895655182385e+01 2.167306783658930058e+01
4.306253735419682016e+01 1.377420838703773676e+01 3.135796434734338689e+01
1.975522866211149164e+01 2.817569927014598008e+01 2.838446392295874787e+01
2.315449206770647095e+01 1.136245254364627222e+01 3.583623883702610158e+01
4.952935939585687919e+01 8.520817731548648410e+00 3.985599979130220305e+01
9.657023619619849342e+00 3.163304340206586573e+01 3.528753021395060330e+01
2.244202064877828562e+01 4.765463909755354877e+01 2.784604398924100366e+01
2.287390883847076140e+01 4.482457102466442223e+01 2.510286309611554501e+01
2.021973222747277177e+01 2.487235943581051956e+01 2.713553985617433995e+01
2.550242154996729482e+01 2.364170687454114272e+01 4.188815957801321588e+01
2.604368823358589324e+01 3.845005348803766765e+01 2.698509277249944205e+01
3.120123513813686600e+01 3.651903042022952661e+01 2.599268609701631760e+01
1.205424897710320487e+01 3.756325228837751240e+01 4.104172181967336286e+01
2.026381109945382164e+01 4.929904201617328852e+01 3.728979411706789904e+01
4.668184138500792812e+01 1.288641625930743295e+01 2.182165400390815080e+01
3.090772351335465018e+01 1.475084119373651959e+01 3.293986457441975801e+01
4.909370782002866918e+01 7.754990187861870332e+00 3.478532072466045122e+01
3.816856391410254190e+01 3.032308071466435351e+01 2.287967206207443738e+01
2.264612570479019382e+01 1.044690612471557678e+01 2.555494840109082944e+01
4.920373066637855430e+01 1.638174512931175997e+01 2.160641556934018226e+01
1.934913682311534799e+01 2.366233526453751779e+01 3.190981482099142852e+01
1.717138568049012548e+01 4.954703532701519464e+01 2.107521677637113200e+01
2.720593355299872940e+01 3.396191704102837150e+01 2.457006802017913927e+01
4.310269712528656783e+01 3.165134312663403904e+01 3.856520774495158577e+01
2.225653738332870546e+01 1.920759053400058036e+01 2.762577548578023467e+01
1.368554385938589135e+01 3.061270709835490678e+01 3.541245055748176895e+01
2.286042221477513081e+01 3.583681057972316353e+01 2.555124240986711825e+01
4.286552415854477260e+01 1.433947490290231741e+01 3.549520260010054074e+01
2.055552299870117849e+01 4.903464983182024639e+01 2.261450827524578244e+01
1.159127563044528308e+01 4.810649625312593258e+01 3.313122621617441865e+01
4.591997341851261893e+01 8.496934673570338603e+00 2.804085824582786302e+01
1.172991460695940269e+01 4.469694571651147186e+01 2.440595318114305456e+01
4.509267118872405433e+01 2.096142465816652845e+01 2.130549326228832996e+01
9.166268952042639029e+00 3.649658353291843582e+01 2.248016748249280639e+01
4.380125159680565616e+01 2.454691007753336152e+01 2.116101295806607752e+01
4.610783767551235002e+01 2.278635719802463555e+01 4.160283610046823810e+01
1.658315581948000528e+01 3.087619811040481466e+01 2.939309398280433072e+01
1.603951731662838043e+01 5.329130286982093878e+01 2.571392640219485770e+01
5.101038593054512660e+01 1.894197679955803082e+01 2.284828391064937847e+01
1.732641524544833445e+01 3.325922824701162028e+01 2.459400237547818691e+01
3.350391200689492166e+01 2.476407672597089871e+01 4.266249542844059306e+01
5.161900703510229960e+01 8.527789133623466356e+00 3.728011172405756213e+01
4.024400866926841047e+01 2.910536605571908808e+01 4.059078149285438997e+01
2.305039969846038161e+01 3.320715534865697549e+01 2.624280393790637333e+01
2.900043373306380801e+01 7.497357289654805079e+00 3.720546049688013568e+01
2.000683921739540239e+01 4.414828825965633996e+01 4.188392102787128835e+01
2.432803105386502907e+01 1.094016979645720511e+01 2.130657328781007109e+01
1.005657478407237448e+01 3.267197170486173263e+01 3.913711859061957909e+01
1.027216348908496357e+01 3.211760667636349353e+01 2.494784494032141708e+01
4.938003797377794513e+01 2.395602706618601374e+01 2.250658137367876321e+01
1.767134545256949352e+01 4.975471438721910999e+01 3.816894979289339318e+01
4.816262031591539028e+01 1.324391712937922705e+01 4.147322501906930370e+01
2.520860700877760507e+01 2.291408247085723460e+01 2.098985390267286988e+01
6.887958757812432609e+00 3.605463670480042992e+01 3.762836872913189268e+01
5.293411073515239451e+01 2.187294689750640586e+01 2.764840209386072800e+01
4.284830132962631666e+01 3.472320453125576023e+01 3.003120179645262766e+01
4.205480751774247494e+01 1.954085373370842049e+01 4.180231428716493269e+01
1.010163864750543006e+01 4.396258394140885173e+01 3.478600664140822829e+01
2.399161398443408899e+01 2.566948142121741938e+01 4.079439755977182358e+01
5.076188235069162147e+01 1.038796438216970941e+01 2.284464822062549061e+01
4.887496199632989402e+01 2.065060518179242521e+01 2.197219194887755833e+01
4.373494046609756225e+01 1.276872118367012021e+01 3.854416530170743016e+01
2.734389051699137241e+01 8.842098790073567471e+00 2.833893293006380532e+01
2.057429443658240587e+01 2.104733754542039037e+01 3.176355428151157412e+01
4.950751047924468651e+01 1.301682088607971188e+01 2.982989913189250331e+01
4.933674810758255092e+01 8.341645594901088145e+00 2.860498528137513574e+01
2.930206969542317808e+01 1.259630675690137203e+01 2.113970285014288564e+01
2.465296670882955254e+01 4.289148389492513758e+01 2.570021551336014198e+01
1.148229705885169771e+01 3.798747597797745357e+01 2.206907249730131682e+01
3.262006719677045652e+01 1.494832462594955125e+01 3.780408791067576146e+01
1.857974459646388965e+01 5.383376017105383937e+01 3.516797588776493910e+01
1.373767594683041438e+01 3.312008537792503660e+01 2.325004736826664953e+01
5.457911477897279440e+01 2.588798445897372602e+01 2.994093862764223246e+01
2.191628936846118592e+01 2.028812765281745811e+01 2.470823645362093401e+01
1.201076369413453904e+01 4.719785144735666194e+01 2.547734008829985441e+01
1.900689872414314152e+01 3.240835615510751921e+01 2.653759773199198690e+01
4.906999438506429811e+01 2.998133015579519522e+01 2.445936530458988400e+01
2.000639365530924607e+01 2.933719480793066481e+01 3.492843025093371523e+01
1.633295422391874396e+01 4.507802306633388412e+01 4.022138670085576706e+01
1.795611431828602633e+01 3.836552473351272852e+01 2.246925026198699626e+01
5.325998423652740854e+01 2.759384997272234585e+01 3.477819943375597234e+01
2.195134383377682852e+01 1.959871982573963933e+01 3.506184741446222120e+01
8.410819292949984316e+00 3.245219298432695609e+01 2.973131771349340369e+01
1.779474497341771411e+01 5.283831189432726916e+01 2.866579723584981920e+01
4.649576337448353058e+01 1.058869292753708891e+01 2.247332796810881916e+01
2.758702395395075158e+01 1.697630336348472824e+01 4.278368899674808290e+01
5.190947654808145018e+01 1.446357655378042395e+01 2.361294747514874359e+01
2.858693283948651498e+01 1.396402181035016277e+01 4.240442422796667188e+01
4.412338009366013125e+01 3.244157789145521775e+01 2.513679680937910987e+01
2.286335096450807214e+01 2.096340722674933588e+01 4.067963231857061146e+01
2.197808115219018887e+01 4.628835498955361061e+01 2.326299925382630107e+01
4.469254068486380760e+01 1.443115770923803609e+01 2.972177287157212788e+01
2.602988892411713806e+01 2.984346508800310005e+01 2.261278293584882348e+01
3.984126115300787774e+01 2.083243180566037012e+01 2.093082526036111801e+01
2.455399836851812978e+01 2.065596972550539334e+01 2.088857899755837622e+01
3.126497435591623741e+01 1.079520727647287615e+01 2.575875691339879836e+01
2.715785821450581494e+01 1.140487501481682742e+01 2.070676380893972635e+01
3.133043158163725650e+01 1.161186605025734409e+01 3.701479326973532125e+01
3.235222847977968996e+01 1.548787438166101182e+01 4.014892026260373115e+01
3.653274221507606967e+01 3.252802907834238511e+01 3.874583024569362522e+01
5.394688731287199346e+01 2.808676606398038800e+01 3.047081526572113930e+01
1.322365140086478164e+01 3.472546274112263376e+01 4.093529326093127452e+01
2.248960021521649111e+01 2.645949890774973312e+01 3.920906882717746100e+01
1.522244934852515463e+01 4.812041151522905125e+01 2.385282801426200905e+01
5.212575525014430156e+01 1.237281879326001821e+01 3.885857637168136591e+01
9.863564758854316494e+00 4.202204711813375582e+01 3.742947255627984759e+01
3.852517835970174076e+01 3.488174569547425108e+01 2.785589329663639191e+01
2.721037787526226737e+01 3.459166728115528855e+01 3.773899510229253451e+01
2.337724887948802888e+01 4.681499569958540263e+01 3.482328552601062910e+01
3.419407043954341674e+01 3.702250856781750343e+01 3.273116895209398791e+01
4.184404213538815043e+01 2.697154858117618303e+01 2.138215707647824360e+01
2.383923003400953888e+01 1.567265900050990979e+01 3.452951130960740755e+01
2.985471552747662471e+01 8.029923618644458472e+00 3.923891750276072088e+01
2.998611922434827193e+01 8.609051231004658078e+00 2.650786678425870235e+01
1.036987872041278003e+01 4.366177476168363114e+01 2.587910901184974222e+01
2.356363811524990837e+01 1.387582154304184101e+01 2.117624362681326389e+01
3.649804915632169156e+01 2.784209686622174473e+01 2.133564897561369378e+01
3.725899873587258071e+01 1.994005832811950896e+01 4.229473815580590212e+01
2.510821346597908388e+01 7.628310313269417442e+00 2.603859905583469825e+01
5.234163930536648479e+01 1.617870220398396697e+01 2.626927085610160262e+01
4.862487664464224224e+01 2.160638671616487727e+01 4.092414204918800635e+01
1.218432757868233907e+01 4.920824578327074761e+01 2.918318019384950901e+01
4.267874474480983338e+01 2.917749323841612252e+01 2.242208136027152676e+01
2.213132970857196824e+01 1.618455816029542760e+01 3.755326394357633291e+01
2.651065592974433471e+01 4.276487949628706531e+01 3.479657479068620773e+01
1.843545113722588269e+01 4.193319405297307156e+01 2.303936269488493949e+01
2.548453320890073215e+01 1.822289457204368190e+01 4.267288136640947727e+01
3.359384878939164309e+01 3.718510702900763931e+01 3.006363569558037341e+01
2.899169181645583393e+01 9.742452106338630458e+00 4.137610539746576421e+01
1.953560108146747964e+01 5.129081154829820832e+01 2.913344859359071037e+01
1.600988390295824715e+01 3.710901416645770468e+01 2.211537086505647665e+01
9.363424790909688156e+00 3.366618018045195271e+01 2.361101283494823022e+01
3.044882730043356389e+01 1.214359537844062586e+01 2.740397083319829719e+01
2.237501636837176733e+01 2.940967805616249464e+01 3.752726569410916113e+01
1.775108127850498008e+01 4.081065213839395511e+01 4.029780768114353862e+01
3.191792149320339433e+01 1.448617249926915740e+01 3.072810309814317264e+01
5.234940084390150616e+01 1.055391552179529491e+01 3.710179937988770860e+01
2.527417096296237986e+01 1.415891070906731741e+01 2.902565014707875335e+01
1.659220039402875457e+01 3.686815222329003916e+01 4.077988071676873716e+01
1.830089916565074049e+01 5.160798575271169852e+01 3.203521325753131777e+01
7.593581575100941450e+00 3.786161271999361588e+01 3.852451981655592306e+01
3.904282705202827231e+01 1.643812598950360737e+01 4.064535120924661982e+01
4.469699671452176659e+01 1.734242129733346260e+01 4.132801277746720103e+01
2.655252038207761700e+01 1.568282162025066029e+01 3.311921017287710356e+01
2.932510096971470759e+01 2.823222158173726015e+01 4.179618296298679780e+01
3.550490035707913705e+01 3.526432848738686943e+01 3.679424268850279134e+01
5.332438193779766777e+01 2.509214258009969711e+01 3.538804315150066770e+01
4.543107967469931197e+01 3.460022835831214394e+01 3.239155826552227069e+01
5.101446748780569607e+01 1.280866577204506740e+01 2.240922843615458504e+01
1.449730157399777752e+01 3.488693685090915864e+01 2.236868773652690123e+01
2.302756669481226126e+01 9.547474755950046799e+00 2.362389421169344672e+01
3.241048310642849373e+01 2.118707135250642892e+01 4.271064043889681727e+01
1.665883436210011581e+01 3.105584243142016732e+01 3.482801730286283259e+01
2.810423904088267122e+01 7.974499814109416107e+00 4.047017787522553078e+01
4.006593691589105788e+01 3.457091984600771184e+01 3.430335973978092312e+01
8.931472090354187543e+00 3.744625397467335404e+01 4.022574709790734460e+01
4.028019946081506930e+01 3.405609358166084633e+01 2.707377621186890337e+01
1.967854729766206034e+01 4.824052884534176400e+01 1.817331701581790071e+01
5.230720125384977592e+01 2.040285389623759826e+01 3.729265393223698055e+01
2.587030358896183557e+01 2.865083299923374582e+01 4.076364390976233665e+01
1.506020560412616938e+01 5.017935513175320494e+01 2.610835005864187508e+01
3.447212051164216007e+01 1.544506568563400606e+01 3.860588557376387797e+01
3.078462444988496571e+01 1.196176918197243566e+01 2.244865558538705841e+01
4.503704039304593465e+01 3.383539999564133893e+01 3.529855999267099520e+01
2.051001994621282165e+01 2.429581886510248978e+01 3.650768798442198459e+01
1.227388174615420624e+01 3.166074654549665723e+01 2.467983857893661437e+01
1.763766525679575636e+01 4.948713855793359073e+01 4.093215915738380772e+01
3.724554960051172969e+01 2.463934028130395504e+01 2.062073287384688314e+01
6.846531819215794457e+00 3.482534682787239433e+01 3.548060194409612222e+01
4.995853735107286298e+01 3.081283354981552236e+01 3.670489925496455186e+01
2.993552348954844433e+01 3.740206926602593995e+01 2.843543993848032869e+01
3.462726414976776113e+01 3.586502616574410496e+01 2.626551099682027512e+01
3.010944047810660607e+01 3.630640534274250797e+01 3.702698560787566606e+01
2.528583260584072434e+01 4.649397114308695222e+01 3.045021018796058243e+01
3.949537271552972584e+01 2.892194338686553579e+01 2.211056702805408136e+01
2.025109890080310393e+01 4.333972393150099833e+01 4.005654496678231169e+01
1.812134910506677343e+01 4.427057375203970224e+01 4.066469100992689789e+01
3.240552162006079584e+01 1.466855741173080219e+01 3.479460352221816777e+01
4.402052580622085287e+01 1.414900763898262070e+01 2.332782005070037101e+01
4.813119609199097226e+01 2.355318051379013156e+01 4.109462957457863297e+01
2.616375895628213044e+01 1.581145439937077057e+01 2.972984919814728499e+01
2.205511056726764707e+01 1.660853852287681320e+01 2.446433994605688866e+01
3.241435632361767460e+01 2.347176266738123118e+01 2.022583553390031952e+01
4.524030661056514191e+01 2.904472231645984692e+01 4.033846933825583392e+01
2.056275830583145137e+01 5.009332029251533669e+01 3.480814642956532623e+01
4.155217548576803210e+01 1.646000361200261608e+01 2.267163947765964593e+01
2.669779220732414871e+01 1.447698425909666398e+01 4.280115592392760959e+01
3.123823411549255624e+01 3.728595715495423946e+01 3.460507764898085270e+01
1.911708620800843761e+01 3.663274528918809381e+01 2.309246261022893876e+01
3.488489541528451809e+01 3.650627399674636564e+01 3.494135644186287237e+01
1.592212904545245600e+01 5.223497476264748229e+01 3.557499511641006507e+01
7.365875214431488516e+00 3.353741956527183277e+01 3.191388791579388240e+01
1.408395507858739926e+01 4.113904546379320948e+01 2.268200880849629897e+01
2.164061797631528705e+01 2.049298202005034142e+01 3.679134514089369645e+01
2.243627034014230048e+01 1.342802805415202982e+01 4.050008329054655576e+01
1.834090857788257978e+01 3.452404794286586309e+01 3.924129574306698487e+01
1.278909761448589322e+01 3.570602412233916567e+01 2.183576439283592308e+01
2.429149180634000516e+01 4.793469311833627700e+01 3.152321303728949786e+01
1.486489543303563998e+01 4.937069416032631608e+01 3.741387651696979333e+01
3.930902726392546498e+01 1.290142211567221153e+01 2.915876034290881691e+01
4.394035609021070599e+01 1.334584609571958147e+01 2.749408424425801201e+01
5.278383625442975813e+01 2.124721642643454445e+01 3.560154231016312565e+01
5.173947554825117834e+01 2.672885551950697902e+01 2.499484151096132223e+01
5.143704811175364000e+01 2.639794572198710298e+01 3.840703432467668677e+01
5.149504312837250097e+01 1.626325254116583707e+01 3.996009641710714533e+01
3.845574320171804317e+01 3.371165953165760953e+01 3.699766559740845651e+01
2.081761735363598120e+01 4.501426016192830559e+01 2.036521731172111060e+01
2.367111519625988691e+01 4.385899471427396890e+01 3.758346360195358216e+01
4.567104130331404832e+01 1.715778510212398089e+01 2.159702464350722551e+01
3.835231977703711692e+01 2.880679027640236711e+01 4.091470433999681688e+01
2.468307577448124590e+01 1.699770147899456774e+01 3.254245679672501979e+01
4.104668061976808247e+01 3.472909315913998540e+01 3.263765745881367764e+01
