3.647443118138588858e+01 1.487703870678861939e+01 2.522286575646188211e+01
3.618369998244195074e+01 3.254871978950437494e+01 3.881953776136660395e+01
2.642234705291415509e+01 7.167147988223833366e+00 2.533623997031227049e+01
1.932407365264170096e+01 5.292120996782203690e+01 2.608183070560054162e+01
3.966286522652390545e+01 1.467931579724154112e+01 2.577005492013024934e+01
4.969531241782041775e+01 1.314989987836201379e+01 2.981399380712907288e+01
3.037809374851407895e+01 2.931298153432326004e+01 2.145921237241551438e+01
4.883038492308632783e+01 1.078689213614215170e+01 4.109231169565602215e+01
3.879469964166244011e+01 2.527464541514367369e+01 2.078800106036554851e+01
1.588977497373785042e+01 3.364335788656443782e+01 2.358516986595859066e+01
9.311058829262755410e+00 4.250879595475895201e+01 3.129217251150497248e+01
2.659547791423226215e+01 4.427268712510787907e+01 3.147496280479487751e+01
6.928405189745100223e+00 3.451464538472556143e+01 2.856711460031481309e+01
1.966376365622693356e+01 4.912151051240916644e+01 4.372629426580146372e+01
2.916494983509305428e+01 2.370187992574766866e+01 2.031219223819902453e+01
3.961041786447661650e+01 3.191343686447493866e+01 3.848191349920068660e+01
4.062635515751119897e+01 3.313334881139611099e+01 3.708293018502298821e+01
1.874987604567371946e+01 3.093576746871493555e+01 2.863563178267522602e+01
3.085954709865571033e+01 3.642695515220986380e+01 3.689855936182468099e+01
2.096486093603605738e+01 2.076473876038520672e+01 3.385865910975761039e+01
4.240994469195669581e+01 3.388560824676314098e+01 2.723299158692257294e+01
7.553855507733422847e+00 3.355011246295976690e+01 3.580439963624970545e+01
1.289004611322720173e+01 3.299920248228883679e+01 2.313379257717276261e+01
3.124965344289316960e+01 1.263522258417167521e+01 4.032392794935550029e+01
1.934944903625017432e+01 2.386548032247122109e+01 3.048368160825278039e+01
2.027681759937448192e+01 2.277107613466910507e+01 3.526395085409004793e+01
2.695478263328144308e+01 2.657956196806266647e+01 4.187975743506537185e+01
2.468437926239876745e+01 1.682728818204094168e+01 2.960353984280646600e+01
1.344917445303351400e+01 4.547025586887320969e+01 2.384543809381967350e+01
2.145905905391965263e+01 4.778386995898227951e+01 2.190977372880344376e+01
7.335569285883027923e+00 3.678812282908805287e+01 2.425107530620319807e+01
5.240525688641035629e+01 1.158406036695613750e+01 2.590990522246070782e+01
2.388236779707054325e+01 2.969044102208687264e+01 3.880376239502963642e+01
2.300354723529300216e+01 9.256141393000250517e+00 2.433370475940560240e+01
2.408160525958068732e+01 1.323100701070055507e+01 2.083740763523585215e+01
2.618755497037398428e+01 7.724698595838283666e+00 2.332751915171083823e+01
4.598119218471425285e+01 1.071704869708231911e+01 2.263667943147620321e+01
4.680892855480210102e+01 2.378220060552852289e+01 2.153741031514138626e+01
1.149742772173920358e+01 4.652804378268222507e+01 2.591355950566310185e+01
4.132021806886423576e+01 3.251062351378390503e+01 2.508941658322973822e+01
3.048341947924471640e+01 1.478723522013842739e+01 3.239869367043849024e+01
2.088463281278518124e+01 4.312195760725315097e+01 3.966688908232229949e+01
5.196643098013934292e+01 1.007463384277285101e+01 2.733242607175733951e+01
4.899189913767978055e+01 2.726898882003434821e+01 4.011122644428603934e+01
5.170235672873331367e+01 2.604259429946006321e+01 3.821413487016612720e+01
1.810747393051110521e+01 3.021632979807232644e+01 3.234973211211121935e+01
2.599939213642170444e+01 1.391174692801239843e+01 3.378106963202092317e+01
2.546101104902564316e+01 3.940318286829251804e+01 3.722577485653389573e+01
3.484462017653959975e+01 2.963282423203094496e+01 2.195380493332464056e+01
2.420594815681760537e+01 1.664175676648894608e+01 2.889606054512089628e+01
1.804026653317111695e+01 4.476876487173072405e+01 4.192079645330375115e+01
3.583019624866187769e+01 1.316041476300266844e+01 2.921627077126737859e+01
4.196481832464610306e+01 1.982934133053673520e+01 4.183885438357976483e+01
2.674592535606628019e+01 3.853801411468417371e+01 3.460632568309937795e+01
3.139935362017267195e+01 1.320423011775553590e+01 4.020593218109925004e+01
4.217388427800545969e+01 1.353143638298762497e+01 2.996973588569488456e+01
1.673953463065102198e+01 3.964948914067495878e+01 2.238566629941585262e+01
2.064116883173906913e+01 4.715154157825462278e+01 1.858900486451245726e+01
2.747533111064326761e+01 4.021934175738238082e+01 3.120521947928961382e+01
5.037307657574776698e+01 1.666931981067835267e+01 3.044987777950423435e+01
4.006555410020207830e+01 1.676044800651002120e+01 2.233354767272309971e+01
1.555967246998239872e+01 3.428422392958111686e+01 4.018294341448689977e+01
9.034895091650895438e+00 4.160370341982165598e+01 2.733315341060690784e+01
1.798270278480693918e+01 5.166545341236901834e+01 2.989945119895432768e+01
5.237527911363711297e+01 1.896964662662656309e+01 3.647009829359950572e+01
2.140745512383134397e+01 4.081312431628040116e+01 3.955151240407175806e+01
4.952456232634286692e+01 1.515209862198536150e+01 2.170874541585315143e+01
3.279540529280689753e+01 1.517547415691400481e+01 2.586483102272755730e+01
4.855302918193289230e+01 2.888261264779855253e+01 3.950828172593276122e+01
3.089695417083073181e+01 1.017418338644685605e+01 3.987011136577319093e+01
3.154852545346621184e+01 3.747129646395497105e+01 3.233300157057522739e+01
1.300366573169841011e+01 4.179583861269593115e+01 2.301378128100745357e+01
9.285827461285816042e+00 3.263169299817131730e+01 2.506054306566059964e+01
2.317031886111865191e+01 1.814916587139745729e+01 3.200409151376846495e+01
3.608967787878305700e+01 1.674118821553023650e+01 2.213400791861723249e+01
1.191396115241604114e+01 4.806187889924402157e+01 3.561131705797130564e+01
3.259365227086070149e+01 1.657731919815070754e+01 2.217043351433200371e+01
3.825521238468640206e+01 2.839480246874304470e+01 2.173823433443838837e+01
1.060375527072752888e+01 4.461196890835172013e+01 2.623845668321157731e+01
1.632995251255088576e+01 5.404433261391686472e+01 2.572517423543257209e+01
3.502748806018801986e+01 1.849867783148371103e+01 4.218368429972110789e+01
2.258358069326843420e+01 4.610057744824297998e+01 2.593345298899547657e+01
6.969491662601326354e+00 3.891833975373669574e+01 2.965439399917226382e+01
4.494620110116605360e+01 1.505324727139493746e+01 4.083753170117444853e+01
3.106084702625287619e+01 2.211477734496259728e+01 2.024174027674592224e+01
5.205129085156576707e+01 2.017088307822141857e+01 3.811327418037608794e+01
1.277232121654507147e+01 4.134965534391825059e+01 3.999779225150361839e+01
1.338446890342499707e+01 4.229114765861712755e+01 3.984661809588637738e+01
3.647549800988782920e+01 2.858129013594426127e+01 2.166186253184692490e+01
1.924085556568368460e+01 2.517599396002882628e+01 3.319632181647516944e+01
2.933463468147904507e+01 1.496353089810860126e+01 3.096759872432776106e+01
2.627490474241546892e+01 1.237273281783452639e+01 2.044436464082202320e+01
4.882753964769582211e+01 3.142373530695495276e+01 2.577728789961781430e+01
7.923693674095620310e+00 3.292497873519704399e+01 2.944753261709965031e+01
4.825241652001481896e+01 3.200822451770839194e+01 3.661170502008125993e+01
2.580910281350768543e+01 4.276560032748966478e+01 3.594717333061398534e+01
4.804421539422061471e+01 1.269554286246332353e+01 2.993298210253715297e+01
1.826428384256118775e+01 5.349302426664460341e+01 3.477579401245840529e+01
5.013990615278984109e+01 2.661436749815399239e+01 3.959495455689048526e+01
5.231181279919986338e+01 2.422445906797337756e+01 2.560635312717345258e+01
4.671704587668763509e+01 1.665536194798918501e+01 4.154199031740451176e+01
5.129829936602340723e+01 1.767208901834229096e+01 3.272595893128644207e+01
1.687547762342326507e+01 3.420161512262485815e+01 3.969918261400051307e+01
3.685387923619397554e+01 3.532782144507898892e+01 3.558112645204275282e+01
2.124479492909009792e+01 4.794000619479540148e+01 3.863439194237558638e+01
1.916825298385413490e+01 4.502684034147185343e+01 4.315711333327850241e+01
1.859511072133847165e+01 2.822164345406018882e+01 3.125862008164054728e+01
4.342907923211850374e+01 3.023455920341103820e+01 3.966850208849078285e+01
1.913861346290103782e+01 5.268213810769821492e+01 3.493075955027172341e+01
1.179626183283160046e+01 4.699188144732424632e+01 3.710641586318629948e+01
4.945765745970479088e+01 3.163288385266403679e+01 3.613607094006653142e+01
2.564721076882839412e+01 1.434158124063097262e+01 3.385530886845238285e+01
1.196235458351048564e+01 4.671151058879912910e+01 2.501414577568689523e+01
3.315332380078236696e+01 1.389013530052837453e+01 3.233246979890165562e+01
5.077688347183706696e+01 7.994761052134876422e+00 2.707291819258148280e+01
2.291130404370144547e+01 1.664224890466786277e+01 4.133772684696467792e+01
5.352328710153309999e+01 2.419004211167514740e+01 2.847268085594047093e+01
1.110704061049872671e+01 3.376894022627300984e+01 2.266373076209950810e+01
8.188614283371812519e+00 3.263740744213704659e+01 3.393060114531191118e+01
4.334396822100022462e+01 2.909726395405561306e+01 4.043189389279105228e+01
3.050036596877616546e+01 1.498543348912954265e+01 2.939849652736905483e+01
2.282570372749335519e+01 3.321581107115277831e+01 3.672955035988132977e+01
5.270148507505543023e+01 2.025490643458155660e+01 2.817426463643563039e+01
1.483084912772328501e+01 3.427130114332057076e+01 2.277397688081164517e+01
2.037044751012381738e+01 4.901238069278533516e+01 3.966216671381205572e+01
2.182738147338073276e+01 4.674135604235429753e+01 3.826558822765047552e+01
2.648706695218126583e+01 1.976826458157314548e+01 4.268012199930200268e+01
9.203718503292211750e+00 3.845197229949142326e+01 3.995212979769021899e+01
5.209711889628202641e+01 1.742307835295065033e+01 3.839945067548445223e+01
4.233056704638487844e+01 1.561833272213845802e+01 2.352734356682382710e+01
3.622913622596192340e+01 3.463938402611991307e+01 2.568796698932028733e+01
8.214534847133091233e+00 3.482601140576501564e+01 3.949187334214880707e+01
1.586663795807657529e+01 5.303275983917588832e+01 3.621233964648789794e+01
4.751712592177365480e+01 7.620516346038059829e+00 3.498309386925637909e+01
1.446007022362696404e+01 3.151107483773391849e+01 3.788507796176263298e+01
1.135257218764932041e+01 4.767966222513891239e+01 3.008631023828230866e+01
5.149870221132422898e+01 2.376294961295150543e+01 3.859844988009223243e+01
4.211689562531160647e+01 2.782056454795475275e+01 2.172780043186699217e+01
2.243217207294219406e+01 1.080405627782876721e+01 2.443520732485401936e+01
2.337417197830431093e+01 2.537404999169391928e+01 2.257521070224090209e+01
2.210585434189932741e+01 1.748696716854978561e+01 3.801259998261328121e+01
1.908427100057966541e+01 3.900080820582759600e+01 2.269167957897605703e+01
7.958000142870551130e+00 4.034898249887616828e+01 3.057414674967967017e+01
2.397317128058018909e+01 4.265281220052485622e+01 2.494380866183070822e+01
1.658123511566502373e+01 3.431231105661373704e+01 3.987566004011816290e+01
3.034379981998356612e+01 9.081608361918725336e+00 2.656324421598855423e+01
4.233744203138656559e+01 3.091788311737568051e+01 3.919715045199202308e+01
2.024136120022827967e+01 4.934709205157918177e+01 2.318365877316945500e+01
2.372792681383563007e+01 4.619774594547974544e+01 2.770570216469085523e+01
4.745967730530129813e+01 1.886980306248568695e+01 4.149165086677501790e+01
4.092145982026108442e+01 1.389642509223613054e+01 2.760593133254882048e+01
5.388838476589523196e+01 2.346586136147164581e+01 3.227790212980421813e+01
2.308100317568197113e+01 3.050250582400275334e+01 2.530428728484058354e+01
2.901660824186128451e+01 1.522284826089116194e+01 4.236045019559762181e+01
2.319548929051290997e+01 1.645570673801067940e+01 2.136900863665514549e+01
2.252704449691773547e+01 1.678423382249151885e+01 4.074381870049960241e+01
3.132745975939468508e+01 1.391252928655123178e+01 3.654180655777183517e+01
3.610377864836767259e+01 3.034181645341013223e+01 4.030646225323962284e+01
2.736717054824608297e+01 3.259411986617082846e+01 2.369083013737872534e+01
1.610801052810304768e+01 4.376135068459917932e+01 3.975159252662798082e+01
7.683953987687810461e+00 3.315959025941434390e+01 3.355129463731502426e+01
3.013401779934209657e+01 1.702295261075482102e+01 2.084774741736671189e+01
5.339220512939017738e+01 2.157686211808074361e+01 3.182069819405325717e+01
1.153469442775728915e+01 3.319139932531844295e+01 2.302516252349022352e+01
4.047749789676539223e+01 1.407803757484691509e+01 2.695691749127823300e+01
1.948563477471545013e+01 3.801303370762367706e+01 2.287236686783019479e+01
3.228884383407476122e+01 1.502868502365759262e+01 3.935624532645972096e+01
1.794774680109995302e+01 3.399849428690345121e+01 2.414658802280906968e+01
2.482341284488152411e+01 4.601443332247797002e+01 3.407010001178147007e+01
3.889620016800117241e+01 1.286675168430743632e+01 3.425665734590684508e+01
3.450229057025495649e+01 3.680045919475037408e+01 3.406406648674705195e+01
2.945706352867994937e+01 1.506923647047513981e+01 2.990299965469320398e+01
5.202122555097909640e+01 1.581899269688128129e+01 2.398695814402183402e+01
4.938658108664002100e+01 1.375567034511360909e+01 3.301116073405172813e+01
3.507325728298390999e+01 3.674753709467826468e+01 3.171495031657997998e+01
2.020169024719501039e+01 4.544785977439767066e+01 4.382055165190202928e+01
4.711689928763777857e+01 8.782402648363270004e+00 3.409274110380304279e+01
2.918522674526501604e+01 2.790981954860182768e+01 4.191749886697060390e+01
2.062576840690533686e+01 3.436431744561016188e+01 3.783795896798822866e+01
3.681610376487225267e+01 2.223772609235516740e+01 2.055285171339335193e+01
1.058806019021387357e+01 3.133681912897711896e+01 2.734033395905154507e+01
4.886737244101589539e+01 2.342693834622052051e+01 2.221498536295932169e+01
7.296458598084145208e+00 3.825319536121807573e+01 2.524836687105839061e+01
4.342549249821135504e+01 1.409214927681617091e+01 2.717384749772008234e+01
4.100724349448041295e+01 1.533291878880253734e+01 3.869901221704084548e+01
3.046843293102502059e+01 3.210186030175628957e+01 2.281437055167156203e+01
4.764097108058420105e+01 3.359796651190647765e+01 3.418137473326630982e+01
4.601749797112606899e+01 3.067596859151694488e+01 3.902402406282340053e+01
5.105000107881082272e+01 2.559508909124112108e+01 3.903581862274721459e+01
2.242919654952881103e+01 1.939999192262800065e+01 4.013858565325105587e+01
2.672044471490146833e+01 3.963692084084833311e+01 3.521248283606693263e+01
7.012149156931034355e+00 3.885298005125671494e+01 2.825288088224585081e+01
1.108202260975935260e+01 3.196373623062144631e+01 3.883181293694705261e+01
2.205006746686591157e+01 2.031640569912040206e+01 2.392164166094322297e+01
2.659975602329053146e+01 8.455181638359093199e+00 2.808718651895823371e+01
3.055377922703012672e+01 1.264635615411928526e+01 4.118302110710591535e+01
3.429183311692071356e+01 1.375328867355244711e+01 2.895552075167669770e+01
2.558236911415425396e+01 7.481484330226241042e+00 3.640877092968300843e+01
2.688779930881128877e+01 3.304246237910101058e+01 3.871620779862158912e+01
5.338130953818171776e+01 2.651020434097438994e+01 3.523307998255008755e+01
1.665913350853092822e+01 4.729623054875356303e+01 2.006948923864439749e+01
3.938152660025026108e+01 1.515785392535415710e+01 3.838808056591786766e+01
2.268247683734133346e+01 2.925522132987361346e+01 2.492586597831082784e+01
2.875572742088908029e+01 1.075638058967660271e+01 2.846496797021881520e+01
3.241968780227995239e+01 2.121836848569607881e+01 4.271291904267405926e+01
2.976427648963673533e+01 2.797107940982522933e+01 4.194014137408125720e+01
1.920980222911033053e+01 2.466640733237899141e+01 3.033236185062082768e+01
6.864039708685798047e+00 3.785398965379690850e+01 2.624819829790133241e+01
1.114411353429334284e+01 3.501418233228567090e+01 2.200289169855636828e+01
4.263965343783703332e+01 2.322396721823690768e+01 4.198321139065558327e+01
4.296933955054105780e+01 2.763080349496936705e+01 4.121744833209286440e+01
2.280707997049901081e+01 3.052751276094637234e+01 2.559776555848379331e+01
2.219960770687717755e+01 1.234274492271334367e+01 2.500946928633138100e+01
3.366550496620877198e+01 1.479110409164477247e+01 3.645632926730580436e+01
2.359140017907196807e+01 1.729270438393999143e+01 2.106917220568699278e+01
1.568436557933653752e+01 3.519938012925418036e+01 2.253856120500348936e+01
3.233864209253831490e+01 2.279346634479751188e+01 2.023424901392991870e+01
2.477710158523971984e+01 2.917254909858644396e+01 3.988930748710559016e+01
2.759376793701274622e+01 1.413078023676639638e+01 3.398455482973514563e+01
2.537594310092782024e+01 2.922924358516695520e+01 2.261207941102870578e+01
7.271307483904593028e+00 3.381553423100380940e+01 2.899337704118243053e+01
3.353123759392127567e+01 2.060835105332248318e+01 4.262475435058668438e+01
2.974920957175838510e+01 1.196793210490218407e+01 4.162476152193777068e+01
2.719397005820030699e+01 9.659519088200704928e+00 2.865584531097280774e+01
1.494566608920592898e+01 5.133860114002245467e+01 3.337304564280400143e+01
1.622022978287508721e+01 5.399779204319870018e+01 2.674569194586872811e+01
4.517243571505697020e+01 2.115189286213874453e+01 2.131183980869061401e+01
3.828708988572655159e+01 3.237808907157007354e+01 3.832116915334617602e+01
4.896267533665364624e+01 2.538668802167097738e+01 2.237180034066355461e+01
3.665470836280662326e+01 2.210729052728326138e+01 2.054215284722311807e+01
4.615891961146345324e+01 8.392943066027456211e+00 3.936170765443824138e+01
4.036921135627189017e+01 3.481263088441953357e+01 3.273371657355472308e+01
4.970845413253763923e+01 2.528445967691564533e+01 2.278143387110601381e+01
1.747135330132806175e+01 3.430457808645269324e+01 3.951160768782413868e+01
4.439131221886823653e+01 2.659105098958466940e+01 2.149614783592545564e+01
2.585325115275604446e+01 4.559716628489945833e+01 3.060416222141317988e+01
4.615538722583123388e+01 1.798815447269918977e+01 4.154662093305248050e+01
4.616833783139168190e+01 1.271035149963586619e+01 2.203541469394546226e+01
3.221583814942178492e+01 3.215888673457148172e+01 3.990957411865515780e+01
4.460442960579366201e+01 1.140359249114383111e+01 3.503078117415149251e+01
4.477650469579507586e+01 8.739048722678919745e+00 3.611390778400557622e+01
3.338734928161481008e+01 2.199042583097333292e+01 4.274225567237185430e+01
1.826347106295384037e+01 4.965273972651398537e+01 4.086820004231779535e+01
4.951205368665415563e+01 1.020688080551438937e+01 2.233796349534387460e+01
1.717000991694662915e+01 3.506253711673679874e+01 2.302293500496227452e+01
9.456605853938091499e+00 4.266445566414645185e+01 3.372856649133927220e+01
1.139090680656605237e+01 4.782543919529785370e+01 3.160732471666863219e+01
2.679614817951910055e+01 9.617441347069135560e+00 2.138962857788338923e+01
3.058639380169521260e+01 1.073265792634924765e+01 3.583840350646793382e+01
4.805099947716991693e+01 3.324905798115518252e+01 3.460182922028862862e+01
2.771555503712147939e+01 6.996882596268336307e+00 3.810474623352909163e+01
1.045335151573880950e+01 4.405945273404859108e+01 2.604151350393620135e+01
1.429078967325756722e+01 3.500650277100578478e+01 2.224599767082586865e+01
2.484027905268925451e+01 3.189150375177386820e+01 3.808379945528765376e+01
7.438725452139701488e+00 3.384228786474457706e+01 2.733879789469183308e+01
2.628672923035516362e+01 4.345344166931599261e+01 3.454221774694446623e+01
1.758878403892049036e+01 4.823111614781608125e+01 4.400928617857243808e+01
4.754442975999052834e+01 1.063983088080797756e+01 2.214819002882531862e+01
2.405060557341909799e+01 4.815369641273763079e+01 3.205133885889249967e+01
4.232333679672769478e+01 1.384233773114463872e+01 3.419479818233074297e+01
1.431527716059901323e+01 5.126360590976340603e+01 3.105175212258702189e+01
2.195135986993239641e+01 1.978245845521085755e+01 2.484622552122688433e+01
3.294679105836705446e+01 3.511704627254511735e+01 3.801788324203555192e+01
2.894522365212818116e+01 1.667424896559761649e+01 4.251720986176920292e+01
6.437167275160354585e+00 3.739598164472754149e+01 3.383188123947874715e+01
2.569076235363336025e+01 1.313375170847756301e+01 3.396481531982050939e+01
2.885227163280423923e+01 3.585785227953859078e+01 2.546463655676564031e+01
9.542298989469760073e+00 4.247543797267194066e+01 2.703117164522775084e+01
2.241144584339789247e+01 1.346197677297070783e+01 4.046015659107402485e+01
5.133628022550189485e+01 1.083365808577846146e+01 3.445902070319709765e+01
3.650920079002953855e+01 1.348207643271355494e+01 3.575383448332674874e+01
5.351390591616147674e+01 2.864178179624201093e+01 3.221208212867783516e+01
2.794883986741132631e+01 3.119303829967621411e+01 2.263050038427905619e+01
2.698484334083209646e+01 3.868071182221088122e+01 3.385746029327498974e+01
2.954291763941807147e+01 1.940264638817225062e+01 4.272816452924933373e+01
2.369437111362199744e+01 2.251610231219098068e+01 2.169233537052527083e+01
5.340593788513365325e+01 2.171614118755340073e+01 3.279965496534725133e+01
5.236511048827817660e+01 1.483576146953778618e+01 3.786232710318656558e+01
5.165842223259196686e+01 1.661718900596679660e+01 2.911965478492183834e+01
4.931459097117280521e+01 1.482036599067506621e+01 4.136039984395226554e+01
1.493750827684235638e+01 3.045619560676105664e+01 3.237942171042864459e+01
9.518458165988736397e+00 3.815036208283360253e+01 4.029552953802969029e+01
1.578073999446327846e+01 5.282007415531969485e+01 2.692819764986430897e+01
3.486841298741467199e+01 2.218614249033579000e+01 2.036576169552108340e+01
2.241173785681117891e+01 1.913604819938329626e+01 2.289451740336753005e+01
2.642883168516977577e+01 1.238325410718167952e+01 3.396323885980734758e+01
1.987631568019292772e+01 2.511181643734385105e+01 2.789587990041117038e+01
4.798494107387992358e+01 1.294257612277081471e+01 2.157817028439137985e+01
2.164450424209822188e+01 1.980769747011412818e+01 2.984482013352843666e+01
4.915920735104332095e+01 2.734846242657256710e+01 3.997741791211333862e+01
5.119272437893433647e+01 2.910290993747155142e+01 2.586778570222188023e+01
2.266914747268506858e+01 4.833906828722091831e+01 3.401175290496750137e+01
2.400913340303996080e+01 1.260330727947259177e+01 4.210561009186785952e+01
2.212969685435573908e+01 2.977926592957186713e+01 2.588605777926012053e+01
3.578537017746089077e+01 2.013309594026785021e+01 2.057863242307713492e+01
3.024440221125846051e+01 9.348437921873980372e+00 2.321253307983020164e+01
9.643461838567590760e+00 4.316111300215320057e+01 2.938547889482048703e+01
4.627231869498856298e+01 1.117881999915070779e+01 3.367958684250192647e+01
3.102022815925411336e+01 3.637267654094010538e+01 3.699758529043924682e+01
2.104012880121052476e+01 3.097754948854588974e+01 3.593395229735777008e+01
4.228686610487929443e+01 3.350279232483447345e+01 2.651424057737383322e+01
2.646156884378353169e+01 9.266348767194930502e+00 4.164924063532183141e+01
1.748380879218702333e+01 3.925025100031166403e+01 2.242577444130734676e+01
3.081866311760835941e+01 1.347655913423227148e+01 2.713770906784516157e+01
1.539446464548199245e+01 3.378538328598348528e+01 2.327768410192127391e+01
2.461969875084755088e+01 3.299788512454041012e+01 3.740506408539822303e+01
1.924829602820132024e+01 4.978103794747223532e+01 1.987127942430741001e+01
4.698573908465678528e+01 3.191783518067195757e+01 2.539647657012679005e+01
3.526383179716456340e+01 3.594639264257422440e+01 2.679891287169925107e+01
3.921323619001284300e+01 1.540123800154779232e+01 3.892622154232989828e+01
1.327171935772879507e+01 3.113449697425607354e+01 2.599793708600664388e+01
2.165821459875208888e+01 2.556091024393853672e+01 3.830604874950098804e+01
2.255552494896326010e+01 1.499140510774093293e+01 4.088700659142642735e+01
2.029938151837085414e+01 4.980712783829795143e+01 3.586456631134009143e+01
1.592287773055639377e+01 4.823856129726348740e+01 2.166524894764796727e+01
2.516959112217320182e+01 1.231129643000531004e+01 2.058799326279108399e+01
4.032099795587714652e+01 2.710920426997038746e+01 4.157258031459556946e+01
3.342973682574432104e+01 3.647114244656438586e+01 2.656075724971398699e+01
4.749304462523731019e+01 1.903358717364834618e+01 2.147287962059819222e+01
1.749759746536251726e+01 5.183634397549936068e+01 2.489977844634354298e+01
2.890219603531657100e+01 3.088104656968271655e+01 4.058591820930198679e+01
5.119871272427928943e+01 1.894169631249538810e+01 2.307480373028569787e+01
1.482771225253670977e+01 4.981824459566902874e+01 2.585808085779089183e+01
4.419945520955629803e+01 3.351397371615625076e+01 3.614541564898974713e+01
1.823957777504949718e+01 4.965720295929523331e+01 4.109958573272079718e+01
1.732205947503243948e+01 5.143057967794551644e+01 3.798330062697279885e+01
2.511271912232015779e+01 4.449677368494236873e+01 2.747518245705717987e+01
4.754710980676976817e+01 1.480335183016517853e+01 3.257992302204021939e+01
1.649913244857823713e+01 3.066679595210688092e+01 3.131445241740435748e+01
1.123842344181552022e+01 4.743108185306391533e+01 3.000672023685975276e+01
7.485061330503985033e+00 3.403232913633275558e+01 2.601074514853191033e+01
2.123255803383829488e+01 3.340045746609400368e+01 2.627162764706956821e+01
3.293825618301390534e+01 3.603120844730224803e+01 3.708548679691567429e+01
1.626199729418097206e+01 4.107761423845861515e+01 4.033606669527130606e+01
3.077335260498296421e+01 1.487369146373938023e+01 2.976324267401163581e+01
3.512988363355226795e+01 2.808782042830968706e+01 4.166145364922730465e+01
3.626004267560470851e+01 1.563909604927274444e+01 2.409935383540582876e+01
2.200498835316361834e+01 4.325439394135128168e+01 3.899060635450144474e+01
1.924690219282299353e+01 5.378471635190523870e+01 2.650235790216199305e+01
2.060449547827477801e+01 4.774001170474023326e+01 4.438646706928633989e+01
2.008210736040008371e+01 2.758929529735793551e+01 2.773596503630699317e+01
3.307896344785435616e+01 1.770490806034231568e+01 4.179707040113208905e+01
3.273863785558381068e+01 1.769053696672559184e+01 2.134196447260880092e+01
4.336578649902527616e+01 1.394444868882960975e+01 3.087178002727994652e+01
2.110080094307547682e+01 2.111691365077337323e+01 3.531022928512675918e+01
4.983258558728857679e+01 2.895368184391692878e+01 3.860842779631997246e+01
4.127416452735486274e+01 3.418172508098088258e+01 2.774106076831278500e+01
1.333100600119116308e+01 5.060547130179974573e+01 2.999448427666193595e+01
2.209813978245231070e+01 1.319986305418065697e+01 2.411289307733844467e+01
2.237759064849560886e+01 4.991001778216052287e+01 3.144179171093642466e+01
3.691550357432981144e+01 3.022596901398331681e+01 2.263863197390146809e+01
1.524968473249315792e+01 3.860431281021489980e+01 2.210968626792842784e+01
4.498473619138121649e+01 9.285026365669303061e+00 2.772926603820008395e+01
3.919198295272173027e+01 1.908336686019571360e+01 4.202201249714878628e+01
5.223681093642542095e+01 1.754579409280336222e+01 3.478205765837134322e+01
1.670150060008534965e+01 3.185854667201292045e+01 2.629776365995015297e+01
8.445315714390506656e+00 3.821984716665412662e+01 3.938202463229798411e+01
2.123583333376488014e+01 2.630896683958073723e+01 3.750673449542622961e+01
2.881349808371738419e+01 3.593036726053503571e+01 2.553578305955896965e+01
2.892335338949665413e+01 2.444849045228821538e+01 2.036524080655384950e+01
1.061721721626809156e+01 3.457727434097157015e+01 2.236551531515024394e+01
1.846038406490657025e+01 3.423831570167190108e+01 2.423144875313473889e+01
2.104156639709291099e+01 5.062355965849841510e+01 3.040838347625461324e+01
5.089623657354683672e+01 3.044557615790351335e+01 2.693850293810119467e+01
3.131523557333603947e+01 3.749384455298532259e+01 3.217143635143839475e+01
8.519947952293389193e+00 4.107912808590005938e+01 3.258947017196324225e+01
1.118374341207485045e+01 3.086461912050159739e+01 3.471870277912672975e+01
4.503644331185905259e+01 3.096401235417314979e+01 3.893660678812351250e+01
1.838986115672348376e+01 3.457840368257642893e+01 3.925452369875983294e+01
2.721421834432501186e+01 1.500900528423778901e+01 2.933409694403869850e+01
1.092246919760857793e+01 4.551877597577890810e+01 2.635612263630889629e+01
4.092846997339971438e+01 2.126073360106047971e+01 4.199982554764426368e+01
2.689652256861612756e+01 6.937517089439699802e+00 3.794566542790335717e+01
4.133286159385176006e+01 3.288348180531089326e+01 3.727301315047537145e+01
4.071680083035314368e+01 1.557959593375311513e+01 2.434259862627873972e+01
1.942155887467500008e+01 4.984990754108881816e+01 2.183323829291217066e+01
3.149037142134125844e+01 3.073519586089831890e+01 2.220443858224162881e+01
2.676080639791144833e+01 3.786609069664439176e+01 3.466595043129120057e+01
2.408516005665502746e+01 2.020291744857081540e+01 2.104646613703386748e+01
2.550238462357231484e+01 1.634168734825977509e+01 3.180232232627334454e+01
4.353687626710224379e+01 1.407926526928171640e+01 3.027747382788218289e+01
2.487100764391876950e+01 3.347101152892022213e+01 3.729955057496373172e+01
3.104685674354000113e+01 1.363205788138870922e+01 4.094990979868096304e+01
3.750067830161201954e+01 3.443029428670489978e+01 2.622078567127365289e+01
3.882441478568938464e+01 2.134245411962992378e+01 4.225293053551425970e+01
9.933675600555691432e+00 4.180337307891255705e+01 3.785001842503599079e+01
2.753809897669373186e+01 7.220546170440691469e+00 3.656125794231110149e+01
2.086347007748802440e+01 4.845191550401277425e+01 4.310222271889790591e+01
2.586763160055860666e+01 3.656341171397310319e+01 2.679465699431688819e+01
1.174382719036523426e+01 3.717500997581588251e+01 2.190170971716657178e+01
1.855759541128654888e+01 3.926346953454510924e+01 4.039141899457605689e+01
4.828217057190649086e+01 1.347305326860317898e+01 3.004741116706629001e+01
2.726553020394766591e+01 2.965655063711434991e+01 2.202406892675764283e+01
4.895931534617820091e+01 3.314700320165081848e+01 3.336785111074468801e+01
2.178410577320814667e+01 4.682793505392817224e+01 3.813882261762076098e+01
2.316180136340471307e+01 3.252770170982965681e+01 3.686730933800132703e+01
4.291062624777365642e+01 3.424888157672695854e+01 3.465732077875367878e+01
5.236948676319114782e+01 1.409848631866254820e+01 2.706317729672392858e+01
1.795015675743894690e+01 5.166243570930473084e+01 3.069363422694737054e+01
4.357177088126411491e+01 1.349224188972005933e+01 3.877207949208153082e+01
5.216349082070952647e+01 1.758470354636425625e+01 3.810045052844562719e+01
4.267101369562787738e+01 2.869435361695862596e+01 4.070762444913504652e+01
1.169551383203435257e+01 4.596764396958540999e+01 3.799795841962972531e+01
4.219334206851407032e+01 1.535918207461397067e+01 2.422343793398258427e+01
2.809075152193078040e+01 1.475367674034845145e+01 2.902961740052385409e+01
5.212262582585194792e+01 9.759900720140548103e+00 3.625771723046639039e+01
1.278374256860880998e+01 4.812789009610956725e+01 2.536576220723682340e+01
3.095200664162243953e+01 1.301479804931558171e+01 2.688356504985811668e+01
1.446638904372166046e+01 4.166270000146237606e+01 2.280007761365528296e+01
2.217320758300902028e+01 4.933073862467190907e+01 3.335700922458789819e+01
2.090737218891963423e+01 2.736845356291830456e+01 3.667889985756025339e+01
7.436745543489115207e+00 3.383565091348722831e+01 3.642411297297171302e+01
7.952873590191471109e+00 3.637621497915364444e+01 3.957878756620217331e+01
8.418141987307949492e+00 3.838262015023364171e+01 3.922786369686729557e+01
2.813812809080824096e+01 2.448629558487542113e+01 2.050979765856114057e+01
5.070429970925758312e+01 3.155548887523877255e+01 3.434475720383652231e+01
5.221255474637415972e+01 2.064266009197213236e+01 3.763861235088585744e+01
2.253241554051313500e+01 1.312438617808293273e+01 2.255735894703412825e+01
2.171835506701033580e+01 1.961896215192504656e+01 3.166603818579352492e+01
3.117365837642567783e+01 1.546867767166419938e+01 2.182786497966722550e+01
2.544168215255196941e+01 3.073727155361433461e+01 3.924571277386586132e+01
1.753177201491192250e+01 5.162644720410018095e+01 3.326874792957540450e+01
4.365794984416466207e+01 1.982176233240351948e+01 2.129302064301052511e+01
1.667008250922854273e+01 4.827258566478671753e+01 1.995850078475145040e+01
3.487603170394717722e+01 2.944667151995891885e+01 4.104065166554792654e+01
3.316854976406185074e+01 2.240613227965740961e+01 2.027897867704144019e+01
4.940361422697375815e+01 2.995918452003159516e+01 2.471816488985353644e+01
2.939086220651524428e+01 7.677074730545438541e+00 3.904689612560557066e+01
2.697337218485260379e+01 7.387581951124035484e+00 2.402184632322877889e+01
1.479189226506024646e+01 5.132551107232877996e+01 2.958655321986586628e+01
4.310683223490910621e+01 1.854351967497321141e+01 2.150919265297158489e+01
2.677455883183436924e+01 1.532554823339764560e+01 2.020250816695200768e+01
1.225945901882972677e+01 4.594506016217183486e+01 3.848664528503879723e+01
2.360553102186270280e+01 2.409337297445913251e+01 4.076479701356574026e+01
2.150720711222730586e+01 4.877864216607342485e+01 3.506910658453308116e+01
6.807381580322445558e+00 3.855967833247360943e+01 3.124644562753270094e+01
3.411264990027901689e+01 2.740326354085351923e+01 4.201873926402547710e+01
3.621623034892404291e+01 3.616852685964231284e+01 2.871819293784415805e+01
9.583063465154086913e+00 3.156994392855864007e+01 2.994758138793003610e+01
2.448597709604858252e+01 9.299878832936688156e+00 2.767819447297198110e+01
1.185274048484644993e+01 4.491052014587430108e+01 3.856832517177106467e+01
1.122871780959765609e+01 4.401713446962911291e+01 3.827039682351012573e+01
1.864168787611891176e+01 5.335055277904660898e+01 3.489558835841101825e+01
4.953332539126550671e+01 3.199731982170265709e+01 2.727915318953765578e+01
2.294358796644158360e+01 2.953446874404217226e+01 2.482058857604475577e+01
1.952702426319731188e+01 2.579635343515040802e+01 2.885267165808510015e+01
4.840671021820210740e+01 2.778850292072016970e+01 2.275901661427415235e+01
3.433191472286240042e+01 2.546585474146413475e+01 2.042634340082714672e+01
6.903171404493571472e+00 3.429699059402219774e+01 3.051387078464970060e+01
2.679184723054537898e+01 4.284260813678453417e+01 3.401236629331695838e+01
7.697861960289337446e+00 3.984707339554815775e+01 3.398228110232845722e+01
1.963163024989541583e+01 5.055434260691430381e+01 3.628472109870821072e+01
2.778662237605022511e+01 1.694711566715535511e+01 2.029600262827483093e+01
3.926538642725332551e+01 2.992547128041366733e+01 2.271786838537256870e+01
1.833539936573908946e+01 3.062214303105314528e+01 2.919689041354824255e+01
2.815197644456472759e+01 3.657835860651421456e+01 3.619619768564601259e+01
1.130762203860104265e+01 3.118425329839974935e+01 2.668039893647807403e+01
2.264055436685376321e+01 9.947925661217968951e+00 2.459952161489282574e+01
4.370598401173295855e+01 3.312844147091637836e+01 2.590155902356353579e+01
3.822559517829435549e+01 3.545252018385596671e+01 3.269150439996995061e+01
2.560136147310398869e+01 4.513667273663129720e+01 2.904990311057443719e+01
2.336931428512483677e+01 8.742410044610320341e+00 2.495684416025016716e+01
3.741232565705127655e+01 2.896593203678028061e+01 2.195339613508575383e+01
2.061214143066104754e+01 3.041677664403387027e+01 3.556170067577147620e+01
2.329301995876420861e+01 3.529563275622134455e+01 3.708598965917369839e+01
2.134704930487896490e+01 3.191793960040978462e+01 2.680954498411331244e+01
2.610080602391114368e+01 8.683020053943810268e+00 2.814851843248025176e+01
5.223523861844936533e+01 1.046917407726035876e+01 2.671399952028250624e+01
1.018543810791255311e+01 4.425784607344370158e+01 3.462969122465731431e+01
3.320487386566092169e+01 2.613821079122104862e+01 4.244356035222787682e+01
3.575940069679876387e+01 2.315585862120294536e+01 2.042478831032043374e+01
2.590671619773862489e+01 1.199466766559620368e+01 4.254371249579251923e+01
4.559705380848322420e+01 2.112643089757057879e+01 4.162880433965212035e+01
4.262936087842692956e+01 2.913233406903595935e+01 2.238995638774494168e+01
2.708939576213390410e+01 2.142712113766334170e+01 4.258863167672136285e+01
5.055740092658477636e+01 3.170696404660364465e+01 2.843999924229619936e+01
5.233348931001184212e+01 1.921029052470804288e+01 3.023643391769594757e+01
4.531899588819522506e+01 1.008275187934406603e+01 2.838984962066475148e+01
4.260048513976704498e+01 1.419422584402274801e+01 2.840731171425002799e+01
5.250845965299640028e+01 1.953783786138506784e+01 3.014927595418640394e+01
2.135351180786501502e+01 4.598289179520035930e+01 1.975263810358462280e+01
3.675600861828078081e+01 3.465600969285169697e+01 3.675316140651772656e+01
4.410639546145267786e+01 3.027116483112467904e+01 3.960195892457775813e+01
1.660834268261967850e+01 3.103664395226691397e+01 2.863453199261430981e+01
3.101914211481989625e+01 1.478591476974106023e+01 3.514778893158629103e+01
2.829006771142922005e+01 3.544583478916604236e+01 3.752071987118323193e+01
2.990233075735091361e+01 3.216141602489433637e+01 4.001310303900157095e+01
5.231882757232966696e+01 1.594141930650880568e+01 2.682847342228803456e+01
5.200698626186641604e+01 1.871267709486093977e+01 3.840048895556822117e+01
9.444585184277393353e+00 3.164916915858252366e+01 2.998546383273312443e+01
1.605874262494696936e+01 3.691145747892645090e+01 4.088336614123505086e+01
1.983026591119466531e+01 2.922519767430366500e+01 2.832686252495900092e+01
5.215895068054016548e+01 2.962133804697958084e+01 2.842385756077459291e+01
1.589981860111257461e+01 5.139738639003569887e+01 3.706496613364946313e+01
1.040146086778134205e+01 3.190499036328224491e+01 3.818004434555128057e+01
2.333316503874617354e+01 8.885691242491557063e+00 2.424542411137212383e+01
2.484942927085985787e+01 8.272074254697969309e+00 4.035168796415963044e+01
2.837912897035344528e+01 1.466210078291746832e+01 2.891861366532818067e+01
8.725052593498892506e+00 4.075386669924009198e+01 3.645350046742452577e+01
2.247595072942867844e+01 1.867946784851564246e+01 2.272777523774596986e+01
2.489541266899562189e+01 1.451344665583926385e+01 2.044780654802954700e+01
2.072912078554687554e+01 4.801071443843228792e+01 1.860045309930610813e+01
2.951312547984369772e+01 1.500739911309476327e+01 3.303946953016776433e+01
1.396619004179323120e+01 4.073993037468203227e+01 4.037057910944499639e+01
5.150468016425533335e+01 1.107521290391077429e+01 3.458356281015470302e+01
3.625712411918647859e+01 3.002011283954693965e+01 2.240307856070064929e+01
1.969128783894637280e+01 3.918095042104548753e+01 4.012942896721337149e+01
1.893296684792560924e+01 2.769176159555188121e+01 2.994580827073809104e+01
4.888333871589452428e+01 9.410594141067086582e+00 3.365635832445622810e+01
2.214630891987824057e+01 1.919050191619029277e+01 3.262233120614448012e+01
2.748536783289745955e+01 3.051300493906423483e+01 2.239162316496257432e+01
4.080880394228076824e+01 3.325588193191602215e+01 2.589546766562767743e+01
